0 180 71.5651 165.964 180 0 180 169.38 10.008 0 180 90 161.565 180 180 0 168.69 26.5651 0 171.027 180 180 56.3099 23.1986 163.301 180 0 180 0 45 164.745 171.469 36.8699 0 0 0 180 0 0 0 180 149.036 170.538 180 167.905 153.435 167.005 175.815 18.4349 30.9638 4.18492 0 8.53077 0 0 0 0 20.556 123.69 8.97263 15.2551 10.6197 180 0 156.801 159.444 180 108.435 12.9946 11.3099 0 9.46232 180 169.992 180 180 135 16.6992 143.13 0 14.0362 180 12.0948 180 180 
180 0 26.5651 156.801 0 0 180 164.745 7.76517 0 180 30.9638 143.13 0 180 0 163.301 15.2551 0 167.905 180 180 23.1986 14.0362 149.036 0 0 180 0 20.556 153.435 168.69 18.4349 0 0 0 180 0 0 0 180 90 167.005 180 161.565 108.435 159.444 174.472 12.0948 16.6992 3.36646 0 6.84277 0 0 0 0 12.9946 45 7.12502 10.6197 8.1301 180 0 123.69 135 0 36.8699 9.46232 8.53077 0 7.43141 180 165.964 180 180 56.3099 11.3099 71.5651 0 10.008 180 8.97263 180 180 
71.5651 26.5651 0 180 -123.69 -11.3099 -164.745 180 0 -12.9946 -161.565 180 180 -143.13 -169.992 -26.5651 180 0 -9.46232 180 -171.87 -156.801 0 0 180 -135 -8.97263 -167.005 -30.9638 0 180 180 0 -10.008 -14.0362 -45 -170.538 -90 -71.5651 -20.556 -165.964 180 180 -168.69 180 180 180 -176.009 0 0 -4.39871 -36.8699 0 -18.4349 -23.1986 -16.6992 -12.0948 0 180 0 0 0 -171.027 -15.2551 180 180 -149.036 180 0 0 -10.6197 0 -167.905 180 -163.301 -171.469 180 0 180 -56.3099 0 -169.38 0 -159.444 -171.87 
165.964 156.801 180 0 -15.2551 -6.1155 -56.3099 180 0 -6.58194 -36.8699 0 0 -18.4349 -143.13 -8.97263 180 0 -5.52754 180 -159.444 -26.5651 0 0 0 -16.6992 -5.35583 -90 -9.46232 0 0 180 0 -5.71059 -6.84277 -10.6197 -149.036 -12.9946 -12.0948 -8.1301 -71.5651 0 180 -123.69 180 0 180 -169.992 0 0 -2.64255 -10.008 0 -7.76517 -8.53077 -7.43141 -6.34019 0 0 0 0 0 -153.435 -7.12502 0 0 -20.556 0 0 0 -5.90614 0 -108.435 180 -45 -156.801 0 0 0 -11.3099 0 -135 0 -30.9638 -159.444 
180 0 -123.69 -15.2551 0 0 180 168.69 9.46232 0 180 71.5651 159.444 180 180 0 167.905 23.1986 0 170.538 180 180 45 20.556 161.565 180 0 180 0 36.8699 163.301 171.027 30.9638 0 0 0 180 0 0 0 180 143.13 169.992 180 167.005 149.036 165.964 175.601 16.6992 26.5651 3.99091 0 8.1301 0 0 0 0 18.4349 108.435 8.53077 14.0362 10.008 180 0 153.435 156.801 180 90 12.0948 10.6197 0 8.97263 180 169.38 180 180 123.69 15.2551 135 0 12.9946 180 11.3099 180 180 
0 0 -11.3099 -6.1155 0 0 180 174.644 71.5651 180 180 169.38 173.157 180 180 180 174.472 163.301 0 175.101 180 180 167.905 161.565 173.418 180 0 180 180 167.005 173.66 175.236 165.964 0 180 180 180 180 180 180 180 171.87 174.958 180 174.289 172.235 174.094 177.647 156.801 164.745 18.4349 180 36.8699 180 180 180 180 159.444 170.538 45 149.036 90 180 180 172.569 172.875 180 169.992 135 108.435 0 56.3099 180 174.806 180 180 171.027 153.435 171.469 180 143.13 180 123.69 180 180 
180 180 -164.745 -56.3099 180 180 0 153.435 6.34019 0 0 16.6992 71.5651 0 180 0 149.036 10.6197 0 161.565 180 0 14.0362 10.008 90 0 0 180 0 12.9946 108.435 163.301 12.0948 0 0 0 180 0 0 0 180 30.9638 159.444 180 143.13 36.8699 135 171.87 8.97263 11.3099 2.81556 0 5.71059 0 0 0 0 9.46232 20.556 5.90614 8.1301 6.58194 180 0 45 56.3099 0 18.4349 7.43141 6.84277 0 6.1155 180 156.801 0 180 23.1986 8.53077 26.5651 0 7.76517 180 7.12502 0 180 
169.38 164.745 180 180 168.69 174.644 153.435 0 0 -5.71059 -20.556 0 0 -12.9946 -90 -7.43141 0 0 -4.89909 180 -143.13 -16.6992 0 0 0 -12.0948 -4.76364 -36.8699 -7.76517 0 0 180 0 -5.04245 -5.90614 -8.53077 -108.435 -10.008 -9.46232 -6.84277 -30.9638 0 180 -56.3099 0 0 0 -161.565 0 0 -2.3533 -8.1301 0 -6.58194 -7.12502 -6.34019 -5.52754 0 0 0 0 0 -123.69 -6.1155 0 0 -14.0362 0 0 0 -5.19443 0 -45 180 -23.1986 -135 0 0 0 -8.97263 0 -71.5651 0 -18.4349 -143.13 
10.008 7.76517 0 0 9.46232 71.5651 6.34019 0 0 -135 -173.157 180 180 -171.469 -174.806 -163.301 180 180 -56.3099 180 -175.365 -172.569 180 180 180 -171.027 -45 -174.094 -164.745 180 180 180 180 -71.5651 -143.13 -167.005 -174.958 -169.38 -168.69 -159.444 -173.884 180 180 -174.472 180 180 180 -177.709 180 180 -23.1986 -165.964 0 -156.801 -161.565 -153.435 -123.69 180 180 0 180 180 -175.101 -149.036 180 180 -171.87 180 180 180 -90 0 -174.289 180 -173.418 -175.236 180 180 180 -167.905 180 -174.644 180 -172.875 -175.365 
0 0 -12.9946 -6.58194 0 180 0 -5.71059 -135 0 180 167.905 172.569 180 180 180 174.094 159.444 0 174.806 180 180 165.964 156.801 172.875 180 0 180 180 164.745 173.157 174.958 163.301 0 180 180 180 180 180 180 180 171.027 174.644 180 173.884 171.469 173.66 177.51 149.036 161.565 12.9946 180 26.5651 180 180 180 0 153.435 169.38 30.9638 135 56.3099 180 180 171.87 172.235 180 168.69 108.435 71.5651 0 36.8699 180 174.472 180 180 169.992 143.13 170.538 180 123.69 180 90 180 180 
180 180 -161.565 -36.8699 180 180 0 -20.556 -173.157 180 0 20.556 108.435 0 180 0 156.801 12.0948 0 164.745 180 0 16.6992 11.3099 123.69 0 0 180 0 15.2551 135 165.964 14.0362 0 0 0 180 0 0 0 180 45 163.301 180 153.435 56.3099 149.036 173.157 10.008 12.9946 3.01279 0 6.1155 0 0 0 0 10.6197 26.5651 6.34019 8.97263 7.12502 180 0 71.5651 90 0 23.1986 8.1301 7.43141 0 6.58194 180 161.565 180 180 30.9638 9.46232 36.8699 0 8.53077 180 7.76517 0 180 
90 30.9638 180 0 71.5651 169.38 16.6992 0 180 167.905 20.556 0 180 -135 -169.38 -23.1986 180 0 -8.97263 180 -171.469 -153.435 0 0 180 -123.69 -8.53077 -165.964 -26.5651 0 180 180 0 -9.46232 -12.9946 -36.8699 -169.992 -71.5651 -56.3099 -18.4349 -164.745 180 180 -167.905 180 180 180 -175.815 0 0 -4.18492 -30.9638 0 -16.6992 -20.556 -15.2551 -11.3099 0 180 0 0 0 -170.538 -14.0362 180 180 -143.13 180 0 0 -10.008 0 -167.005 180 -161.565 -171.027 180 0 180 -45 0 -168.69 0 -156.801 -171.469 
161.565 143.13 180 0 159.444 173.157 71.5651 0 180 172.569 108.435 180 0 -26.5651 -156.801 -10.6197 180 0 -6.1155 180 -164.745 -45 0 0 180 -23.1986 -5.90614 -135 -11.3099 0 180 180 0 -6.34019 -7.76517 -12.9946 -159.444 -16.6992 -15.2551 -9.46232 -123.69 0 180 -149.036 180 0 180 -172.569 0 0 -2.91084 -12.0948 0 -8.97263 -10.008 -8.53077 -7.12502 0 0 0 0 0 -161.565 -8.1301 0 0 -30.9638 0 0 0 -6.58194 0 -143.13 180 -90 -163.301 0 0 0 -14.0362 0 -153.435 0 -56.3099 -164.745 
180 0 -143.13 -18.4349 180 180 0 -12.9946 -171.469 180 0 -135 -26.5651 0 180 0 165.964 18.4349 0 169.38 180 180 30.9638 16.6992 156.801 0 0 180 0 26.5651 159.444 169.992 23.1986 0 0 0 180 0 0 0 180 123.69 168.69 180 164.745 135 163.301 175.101 14.0362 20.556 3.65222 0 7.43141 0 0 0 0 15.2551 71.5651 7.76517 12.0948 8.97263 180 0 143.13 149.036 180 56.3099 10.6197 9.46232 0 8.1301 180 167.905 180 180 90 12.9946 108.435 0 11.3099 180 10.008 180 180 
180 180 -169.992 -143.13 180 180 180 -90 -174.806 180 180 -169.38 -156.801 180 0 0 71.5651 7.76517 0 135 180 0 9.46232 7.43141 26.5651 0 0 0 0 8.97263 30.9638 143.13 8.53077 0 0 0 180 0 0 0 0 15.2551 123.69 0 56.3099 16.6992 45 161.565 6.84277 8.1301 2.3533 0 4.76364 0 0 0 0 7.12502 12.0948 4.89909 6.34019 5.35583 180 0 18.4349 20.556 0 11.3099 5.90614 5.52754 0 5.04245 0 108.435 0 180 12.9946 6.58194 14.0362 0 6.1155 0 5.71059 0 180 
0 0 -26.5651 -8.97263 0 180 0 -7.43141 -163.301 180 0 -23.1986 -10.6197 0 0 0 172.235 108.435 0 173.418 180 180 149.036 90 169.992 180 0 180 180 143.13 170.538 173.66 135 0 0 180 180 180 180 0 180 165.964 173.157 180 171.87 167.005 171.469 176.878 56.3099 123.69 6.34019 180 12.9946 0 0 0 0 71.5651 161.565 14.0362 36.8699 18.4349 180 0 167.905 168.69 180 159.444 26.5651 20.556 0 15.2551 180 172.875 180 180 163.301 45 164.745 180 30.9638 180 23.1986 180 180 
168.69 163.301 180 180 167.905 174.472 149.036 0 180 174.094 156.801 180 180 165.964 71.5651 172.235 0 0 -5.04245 180 -149.036 -18.4349 0 0 0 -12.9946 -4.89909 -45 -8.1301 0 0 180 0 -5.19443 -6.1155 -8.97263 -123.69 -10.6197 -10.008 -7.12502 -36.8699 0 180 -71.5651 0 0 0 -164.745 0 0 -2.41951 -8.53077 0 -6.84277 -7.43141 -6.58194 -5.71059 0 0 0 0 0 -135 -6.34019 0 0 -15.2551 0 0 0 -5.35583 0 -56.3099 180 -26.5651 -143.13 0 0 0 -9.46232 0 -90 0 -20.556 -149.036 
26.5651 15.2551 0 0 23.1986 163.301 10.6197 0 180 159.444 12.0948 0 0 18.4349 7.76517 108.435 0 0 -12.9946 180 -173.418 -165.964 180 0 180 -159.444 -12.0948 -170.538 -90 180 180 180 180 -14.0362 -23.1986 -123.69 -172.569 -149.036 -143.13 -45 -169.992 180 180 -171.469 180 180 180 -176.76 0 180 -5.90614 -108.435 0 -36.8699 -56.3099 -30.9638 -18.4349 0 180 0 0 0 -172.875 -26.5651 180 180 -163.301 180 0 0 -15.2551 0 -171.027 180 -168.69 -173.157 180 0 180 -135 0 -171.87 0 -167.005 -173.418 
0 0 -9.46232 -5.52754 0 0 0 -4.89909 -56.3099 0 0 -8.97263 -6.1155 0 0 0 -5.04245 -12.9946 0 175.486 180 180 169.992 165.964 174.094 180 0 180 180 169.38 174.289 175.601 168.69 180 180 180 180 180 180 180 180 172.875 175.365 180 174.806 173.157 174.644 177.825 163.301 167.905 45 180 71.5651 180 180 180 180 164.745 171.87 90 159.444 135 180 180 173.418 173.66 180 171.469 153.435 143.13 180 108.435 180 175.236 180 180 172.235 161.565 172.569 180 156.801 180 149.036 180 180 
171.027 167.905 180 180 170.538 175.101 161.565 180 180 174.806 164.745 180 180 169.38 135 173.418 180 180 175.486 0 -108.435 -12.9946 0 0 0 -10.008 -4.39871 -23.1986 -6.84277 0 0 180 0 -4.63546 -5.35583 -7.43141 -56.3099 -8.53077 -8.1301 -6.1155 -20.556 0 0 -30.9638 0 0 0 -135 0 0 -2.17474 -7.12502 0 -5.90614 -6.34019 -5.71059 -5.04245 0 0 0 0 0 -71.5651 -5.52754 0 0 -11.3099 0 0 0 -4.76364 0 -26.5651 0 -16.6992 -90 0 0 0 -7.76517 0 -36.8699 0 -14.0362 -108.435 
180 180 -171.87 -159.444 180 180 180 -143.13 -175.365 180 180 -171.469 -164.745 180 180 180 -149.036 -173.418 180 -108.435 0 0 7.76517 6.34019 16.6992 0 0 0 0 7.43141 18.4349 90 7.12502 0 0 0 0 0 0 0 0 11.3099 56.3099 0 26.5651 12.0948 23.1986 108.435 5.90614 6.84277 2.1211 0 4.28915 0 0 0 0 6.1155 9.46232 4.39871 5.52754 4.76364 0 0 12.9946 14.0362 0 8.97263 5.19443 4.89909 0 4.51399 0 45 0 0 10.008 5.71059 10.6197 0 5.35583 0 5.04245 0 0 
180 180 -156.801 -26.5651 180 180 0 -16.6992 -172.569 180 0 -153.435 -45 180 0 180 -18.4349 -165.964 180 -12.9946 0 0 20.556 12.9946 143.13 0 0 180 0 18.4349 149.036 167.905 16.6992 0 0 0 180 0 0 0 180 71.5651 165.964 180 159.444 90 156.801 174.094 11.3099 15.2551 3.2397 0 6.58194 0 0 0 0 12.0948 36.8699 6.84277 10.008 7.76517 180 0 108.435 123.69 0 30.9638 8.97263 8.1301 0 7.12502 180 164.745 180 180 45 10.6197 56.3099 0 9.46232 180 8.53077 180 180 
56.3099 23.1986 0 0 45 167.905 14.0362 0 180 165.964 16.6992 0 0 30.9638 9.46232 149.036 0 180 169.992 0 7.76517 20.556 0 0 180 -143.13 -9.46232 -167.905 -36.8699 0 180 180 0 -10.6197 -15.2551 -56.3099 -171.027 -108.435 -90 -23.1986 -167.005 180 180 -169.38 180 180 180 -176.186 0 0 -4.63546 -45 0 -20.556 -26.5651 -18.4349 -12.9946 0 180 0 0 0 -171.469 -16.6992 180 180 -153.435 180 0 0 -11.3099 0 -168.69 180 -164.745 -171.87 180 0 180 -71.5651 0 -169.992 0 -161.565 -172.235 
23.1986 14.0362 0 0 20.556 161.565 10.008 0 180 156.801 11.3099 0 0 16.6992 7.43141 90 0 0 165.964 0 6.34019 12.9946 0 0 180 -161.565 -12.9946 -171.027 -108.435 180 180 180 180 -15.2551 -26.5651 -135 -172.875 -153.435 -149.036 -56.3099 -170.538 180 180 -171.87 180 180 180 -176.878 0 180 -6.34019 -123.69 0 -45 -71.5651 -36.8699 -20.556 0 180 0 0 0 -173.157 -30.9638 180 180 -164.745 180 0 0 -16.6992 0 -171.469 180 -169.38 -173.418 180 0 180 -143.13 0 -172.235 0 -167.905 -173.66 
163.301 149.036 180 0 161.565 173.418 90 0 180 172.875 123.69 180 180 156.801 26.5651 169.992 0 180 174.094 0 16.6992 143.13 180 180 0 -20.556 -5.71059 -123.69 -10.6197 0 180 180 0 -6.1155 -7.43141 -12.0948 -156.801 -15.2551 -14.0362 -8.97263 -108.435 0 180 -143.13 180 0 180 -171.87 0 0 -2.81556 -11.3099 0 -8.53077 -9.46232 -8.1301 -6.84277 0 0 0 0 0 -159.444 -7.76517 0 0 -26.5651 0 0 0 -6.34019 0 -135 180 -71.5651 -161.565 0 0 0 -12.9946 0 -149.036 0 -45 -163.301 
180 0 -135 -16.6992 180 180 0 -12.0948 -171.027 180 0 -123.69 -23.1986 0 0 180 -12.9946 -159.444 180 -10.008 0 0 -143.13 -161.565 -20.556 0 0 180 0 30.9638 161.565 170.538 26.5651 0 0 0 180 0 0 0 180 135 169.38 180 165.964 143.13 164.745 175.365 15.2551 23.1986 3.81407 0 7.76517 0 0 0 0 16.6992 90 8.1301 12.9946 9.46232 180 0 149.036 153.435 180 71.5651 11.3099 10.008 0 8.53077 180 168.69 180 180 108.435 14.0362 123.69 0 12.0948 180 10.6197 180 180 
0 0 -8.97263 -5.35583 0 0 0 -4.76364 -45 0 0 -8.53077 -5.90614 0 0 0 -4.89909 -12.0948 0 -4.39871 0 0 -9.46232 -12.9946 -5.71059 0 0 180 180 169.992 174.472 175.711 169.38 180 180 180 180 180 180 180 180 173.157 175.486 180 174.958 173.418 174.806 177.879 164.745 168.69 71.5651 180 90 180 180 180 180 165.964 172.235 108.435 161.565 143.13 180 180 173.66 173.884 180 171.87 156.801 149.036 180 123.69 180 175.365 180 180 172.569 163.301 172.875 180 159.444 180 153.435 180 180 
180 180 -167.005 -90 180 180 180 -36.8699 -174.094 180 180 -165.964 -135 180 0 180 -45 -170.538 180 -23.1986 0 180 -167.905 -171.027 -123.69 180 180 0 0 11.3099 71.5651 159.444 10.6197 0 0 0 180 0 0 0 0 23.1986 153.435 180 123.69 26.5651 108.435 169.992 8.1301 10.008 2.64255 0 5.35583 0 0 0 0 8.53077 16.6992 5.52754 7.43141 6.1155 180 0 30.9638 36.8699 0 15.2551 6.84277 6.34019 0 5.71059 180 149.036 0 180 18.4349 7.76517 20.556 0 7.12502 180 6.58194 0 180 
0 0 -30.9638 -9.46232 0 180 0 -7.76517 -164.745 180 0 -26.5651 -11.3099 0 0 180 -8.1301 -90 180 -6.84277 0 0 -36.8699 -108.435 -10.6197 0 180 0 0 135 169.992 173.418 123.69 0 0 180 180 180 180 0 180 164.745 172.875 180 171.469 165.964 171.027 176.76 45 108.435 5.90614 180 12.0948 0 0 0 0 56.3099 159.444 12.9946 30.9638 16.6992 180 0 167.005 167.905 180 156.801 23.1986 18.4349 0 14.0362 180 172.569 180 180 161.565 36.8699 163.301 180 26.5651 180 20.556 180 180 
45 20.556 0 0 36.8699 167.005 12.9946 0 180 164.745 15.2551 0 0 26.5651 8.97263 143.13 0 180 169.38 0 7.43141 18.4349 0 180 0 30.9638 169.992 11.3099 135 0 180 180 0 -11.3099 -16.6992 -71.5651 -171.469 -123.69 -108.435 -26.5651 -167.905 180 180 -169.992 180 180 180 -176.348 0 0 -4.89909 -56.3099 0 -23.1986 -30.9638 -20.556 -14.0362 0 180 0 0 0 -171.87 -18.4349 180 180 -156.801 180 0 0 -12.0948 0 -169.38 180 -165.964 -172.235 180 0 180 -90 0 -170.538 0 -163.301 -172.569 
164.745 153.435 180 0 163.301 173.66 108.435 0 180 173.157 135 180 180 159.444 30.9638 170.538 0 180 174.289 0 18.4349 149.036 180 180 180 161.565 174.472 71.5651 169.992 180 0 180 0 -5.90614 -7.12502 -11.3099 -153.435 -14.0362 -12.9946 -8.53077 -90 0 180 -135 180 0 180 -171.027 0 0 -2.72631 -10.6197 0 -8.1301 -8.97263 -7.76517 -6.58194 0 0 0 0 0 -156.801 -7.43141 0 0 -23.1986 0 0 0 -6.1155 0 -123.69 180 -56.3099 -159.444 0 0 0 -12.0948 0 -143.13 0 -36.8699 -161.565 
171.469 168.69 180 180 171.027 175.236 163.301 180 180 174.958 165.964 180 180 169.992 143.13 173.66 180 180 175.601 180 90 167.905 180 180 180 170.538 175.711 159.444 173.418 180 180 0 0 -4.51399 -5.19443 -7.12502 -45 -8.1301 -7.76517 -5.90614 -18.4349 0 0 -26.5651 0 0 0 -108.435 0 0 -2.1211 -6.84277 0 -5.71059 -6.1155 -5.52754 -4.89909 0 0 0 0 0 -56.3099 -5.35583 0 0 -10.6197 0 0 0 -4.63546 0 -23.1986 0 -15.2551 -71.5651 0 0 0 -7.43141 0 -30.9638 0 -12.9946 -90 
36.8699 18.4349 0 0 30.9638 165.964 12.0948 0 180 163.301 14.0362 0 0 23.1986 8.53077 135 0 180 168.69 0 7.12502 16.6992 0 180 0 26.5651 169.38 10.6197 123.69 0 0 0 0 -12.0948 -18.4349 -90 -171.87 -135 -123.69 -30.9638 -168.69 180 180 -170.538 180 180 180 -176.496 0 0 -5.19443 -71.5651 0 -26.5651 -36.8699 -23.1986 -15.2551 0 180 0 0 0 -172.235 -20.556 180 180 -159.444 180 0 0 -12.9946 0 -169.992 180 -167.005 -172.569 180 0 180 -108.435 0 -171.027 0 -164.745 -172.875 
0 0 -10.008 -5.71059 0 0 0 -5.04245 -71.5651 0 0 -9.46232 -6.34019 0 0 0 -5.19443 -14.0362 180 -4.63546 0 0 -10.6197 -15.2551 -6.1155 0 180 0 0 -11.3099 -5.90614 -4.51399 -12.0948 0 180 180 180 180 180 180 180 172.569 175.236 180 174.644 172.875 174.472 177.769 161.565 167.005 30.9638 180 56.3099 180 180 180 180 163.301 171.469 71.5651 156.801 123.69 180 180 173.157 173.418 180 171.027 149.036 135 180 90 180 175.101 180 180 171.87 159.444 172.235 180 153.435 180 143.13 180 180 
0 0 -14.0362 -6.84277 0 180 0 -5.90614 -143.13 180 0 -12.9946 -7.76517 0 0 0 -6.1155 -23.1986 180 -5.35583 0 0 -15.2551 -26.5651 -7.43141 0 180 0 0 -16.6992 -7.12502 -5.19443 -18.4349 180 0 180 180 180 180 180 180 170.538 174.472 180 173.66 171.027 173.418 177.436 143.13 159.444 11.3099 180 23.1986 180 180 180 0 149.036 168.69 26.5651 123.69 45 180 180 171.469 171.87 180 167.905 90 56.3099 0 30.9638 180 174.289 180 180 169.38 135 169.992 180 108.435 180 71.5651 180 180 
0 0 -45 -10.6197 0 180 0 -8.53077 -167.005 180 0 -36.8699 -12.9946 0 0 180 -8.97263 -123.69 180 -7.43141 0 0 -56.3099 -135 -12.0948 0 180 0 180 -71.5651 -11.3099 -7.12502 -90 180 180 0 180 180 180 0 180 161.565 172.235 180 170.538 163.301 169.992 176.496 30.9638 71.5651 5.19443 0 10.6197 0 0 0 0 36.8699 153.435 11.3099 23.1986 14.0362 180 0 164.745 165.964 180 149.036 18.4349 15.2551 0 12.0948 180 171.87 180 180 156.801 26.5651 159.444 180 20.556 180 16.6992 180 180 
180 180 -170.538 -149.036 180 180 180 -108.435 -174.958 180 180 -169.992 -159.444 180 180 180 -123.69 -172.569 180 -56.3099 0 180 -171.027 -172.875 -156.801 180 180 180 180 -171.469 -153.435 -45 -171.87 180 180 180 0 0 0 0 0 14.0362 108.435 0 45 15.2551 36.8699 156.801 6.58194 7.76517 2.29061 0 4.63546 0 0 0 0 6.84277 11.3099 4.76364 6.1155 5.19443 180 0 16.6992 18.4349 0 10.6197 5.71059 5.35583 0 4.89909 0 90 0 180 12.0948 6.34019 12.9946 0 5.90614 0 5.52754 0 180 
0 0 -90 -12.9946 0 180 0 -10.008 -169.38 180 0 -71.5651 -16.6992 0 0 180 -10.6197 -149.036 180 -8.53077 0 0 -108.435 -153.435 -15.2551 0 180 0 180 -123.69 -14.0362 -8.1301 -135 180 180 180 0 0 0 0 180 153.435 171.027 180 168.69 156.801 167.905 176.009 20.556 36.8699 4.39871 0 8.97263 0 0 0 0 23.1986 135 9.46232 16.6992 11.3099 180 0 159.444 161.565 180 123.69 14.0362 12.0948 0 10.008 180 170.538 180 180 143.13 18.4349 149.036 0 15.2551 180 12.9946 180 180 
0 0 -71.5651 -12.0948 0 180 0 -9.46232 -168.69 180 0 -56.3099 -15.2551 0 0 180 -10.008 -143.13 180 -8.1301 0 0 -90 -149.036 -14.0362 0 180 0 180 -108.435 -12.9946 -7.76517 -123.69 180 180 180 0 0 0 0 180 156.801 171.469 180 169.38 159.444 168.69 176.186 23.1986 45 4.63546 0 9.46232 0 0 0 0 26.5651 143.13 10.008 18.4349 12.0948 180 0 161.565 163.301 180 135 15.2551 12.9946 0 10.6197 180 171.027 180 180 149.036 20.556 153.435 0 16.6992 180 14.0362 180 180 
0 0 -20.556 -8.1301 0 180 0 -6.84277 -159.444 180 0 -18.4349 -9.46232 0 0 0 -7.12502 -45 180 -6.1155 0 0 -23.1986 -56.3099 -8.97263 0 180 0 0 -26.5651 -8.53077 -5.90614 -30.9638 180 180 0 0 0 0 0 180 167.905 173.66 180 172.569 168.69 172.235 177.089 90 143.13 7.43141 180 15.2551 0 180 0 0 108.435 164.745 16.6992 56.3099 23.1986 180 0 169.38 169.992 180 163.301 36.8699 26.5651 0 18.4349 180 173.418 180 180 165.964 71.5651 167.005 180 45 180 30.9638 180 180 
180 180 -165.964 -71.5651 180 180 180 -30.9638 -173.884 180 180 -164.745 -123.69 180 0 180 -36.8699 -169.992 180 -20.556 0 180 -167.005 -170.538 -108.435 180 180 0 180 -167.905 -90 -18.4349 -168.69 180 180 180 0 180 180 180 0 26.5651 156.801 180 135 30.9638 123.69 171.027 8.53077 10.6197 2.72631 0 5.52754 0 0 0 0 8.97263 18.4349 5.71059 7.76517 6.34019 180 0 36.8699 45 0 16.6992 7.12502 6.58194 0 5.90614 180 153.435 0 180 20.556 8.1301 23.1986 0 7.43141 180 6.84277 0 180 
149.036 90 180 0 143.13 171.87 30.9638 0 180 171.027 45 180 0 123.69 15.2551 165.964 0 180 172.875 0 11.3099 71.5651 180 180 0 135 173.157 23.1986 164.745 180 0 0 180 172.569 170.538 161.565 14.0362 153.435 156.801 167.905 26.5651 0 180 -161.565 180 180 180 -174.472 0 0 -3.36646 -16.6992 0 -11.3099 -12.9946 -10.6197 -8.53077 0 0 0 0 0 -167.005 -10.008 180 180 -71.5651 0 0 0 -7.76517 0 -159.444 180 -143.13 -167.905 0 0 0 -20.556 0 -163.301 0 -123.69 -168.69 
170.538 167.005 180 180 169.992 174.958 159.444 180 180 174.644 163.301 180 180 168.69 123.69 173.157 180 180 175.365 0 56.3099 165.964 180 180 180 169.38 175.486 153.435 172.875 180 180 0 180 175.236 174.472 172.235 108.435 171.027 171.469 173.66 156.801 180 0 -36.8699 0 0 0 -149.036 0 0 -2.23117 -7.43141 0 -6.1155 -6.58194 -5.90614 -5.19443 0 0 0 0 0 -90 -5.71059 0 0 -12.0948 0 0 0 -4.89909 0 -30.9638 0 -18.4349 -108.435 0 0 0 -8.1301 0 -45 0 -15.2551 -123.69 
180 180 -168.69 -123.69 180 180 180 -56.3099 -174.472 180 180 -167.905 -149.036 180 0 180 -71.5651 -171.469 180 -30.9638 0 180 -169.38 -171.87 -143.13 180 180 180 180 -169.992 -135 -26.5651 -170.538 180 180 180 0 180 180 180 180 -161.565 -36.8699 0 90 20.556 71.5651 167.005 7.43141 8.97263 2.48955 0 5.04245 0 0 0 0 7.76517 14.0362 5.19443 6.84277 5.71059 180 0 23.1986 26.5651 0 12.9946 6.34019 5.90614 0 5.35583 0 135 0 180 15.2551 7.12502 16.6992 0 6.58194 180 6.1155 0 180 
167.905 161.565 180 180 167.005 174.289 143.13 0 180 173.884 153.435 180 180 164.745 56.3099 171.87 0 180 174.806 0 26.5651 159.444 180 180 180 165.964 174.958 123.69 171.469 180 180 0 180 174.644 173.66 170.538 45 168.69 169.38 172.569 135 180 0 90 0 0 0 -167.005 0 0 -2.48955 -8.97263 0 -7.12502 -7.76517 -6.84277 -5.90614 0 0 0 0 0 -143.13 -6.58194 0 0 -16.6992 0 0 0 -5.52754 0 -71.5651 180 -30.9638 -149.036 0 0 0 -10.008 0 -108.435 0 -23.1986 -153.435 
153.435 108.435 180 0 149.036 172.235 36.8699 0 180 171.469 56.3099 180 0 135 16.6992 167.005 0 180 173.157 0 12.0948 90 180 180 0 143.13 173.418 26.5651 165.964 180 0 0 180 172.875 171.027 163.301 15.2551 156.801 159.444 168.69 30.9638 180 0 20.556 0 0 180 -174.094 0 0 -3.2397 -15.2551 0 -10.6197 -12.0948 -10.008 -8.1301 0 0 0 0 0 -165.964 -9.46232 180 180 -56.3099 0 0 0 -7.43141 0 -156.801 180 -135 -167.005 0 0 0 -18.4349 0 -161.565 0 -108.435 -167.905 
167.005 159.444 180 180 165.964 174.094 135 0 180 173.66 149.036 180 180 163.301 45 171.469 0 180 174.644 0 23.1986 156.801 180 180 180 164.745 174.806 108.435 171.027 180 180 0 180 174.472 173.418 169.992 36.8699 167.905 168.69 172.235 123.69 180 0 71.5651 0 180 0 -168.69 0 0 -2.56377 -9.46232 0 -7.43141 -8.1301 -7.12502 -6.1155 0 0 0 0 0 -149.036 -6.84277 0 0 -18.4349 0 0 0 -5.71059 0 -90 180 -36.8699 -153.435 0 0 0 -10.6197 0 -123.69 0 -26.5651 -156.801 
175.815 174.472 -176.009 -169.992 175.601 177.647 171.87 -161.565 -177.709 177.51 173.157 -175.815 -172.569 175.101 161.565 176.878 -164.745 -176.76 177.825 -135 108.435 174.094 -176.186 -176.878 -171.87 175.365 177.879 169.992 176.76 -176.348 -171.027 -108.435 -176.496 177.769 177.436 176.496 156.801 176.009 176.186 177.089 171.027 -174.472 -149.036 167.005 -167.005 -174.094 -168.69 0 2.91084 3.36646 0 -3.36646 2.1211 -2.81556 -3.01279 -2.72631 -2.41951 3.01279 4.63546 2.17474 2.72631 2.3533 -30.9638 -2.64255 6.34019 6.84277 -5.19443 4.39871 2.56377 2.41951 -2.29061 2.23117 -11.3099 23.1986 -7.43141 -45 4.89909 2.81556 5.19443 -3.65222 2.64255 -15.2551 2.48955 -6.34019 -71.5651 
18.4349 12.0948 0 0 16.6992 156.801 8.97263 0 180 149.036 10.008 0 0 14.0362 6.84277 56.3099 0 0 163.301 0 5.90614 11.3099 0 0 0 15.2551 164.745 8.1301 45 0 0 0 0 161.565 143.13 30.9638 6.58194 20.556 23.1986 90 8.53077 0 0 7.43141 0 0 0 2.91084 0 180 -7.43141 -143.13 0 -71.5651 -108.435 -56.3099 -26.5651 180 180 0 0 0 -173.66 -45 180 180 -167.005 180 0 0 -20.556 0 -172.235 180 -170.538 -173.884 180 0 180 -153.435 0 -172.875 0 -169.38 -174.094 
30.9638 16.6992 0 0 26.5651 164.745 11.3099 0 180 161.565 12.9946 0 0 20.556 8.1301 123.69 0 180 167.905 0 6.84277 15.2551 0 180 0 23.1986 168.69 10.008 108.435 0 0 0 0 167.005 159.444 71.5651 7.76517 36.8699 45 143.13 10.6197 0 0 8.97263 0 0 0 3.36646 180 0 -5.52754 -90 0 -30.9638 -45 -26.5651 -16.6992 0 180 0 0 0 -172.569 -23.1986 180 180 -161.565 180 0 0 -14.0362 0 -170.538 180 -167.905 -172.875 180 0 180 -123.69 0 -171.469 0 -165.964 -173.157 
4.18492 3.36646 -4.39871 -2.64255 3.99091 18.4349 2.81556 -2.3533 -23.1986 12.9946 3.01279 -4.18492 -2.91084 3.65222 2.3533 6.34019 -2.41951 -5.90614 45 -2.17474 2.1211 3.2397 -4.63546 -6.34019 -2.81556 3.81407 71.5651 2.64255 5.90614 -4.89909 -2.72631 -2.1211 -5.19443 30.9638 11.3099 5.19443 2.29061 4.39871 4.63546 7.43141 2.72631 -3.36646 -2.23117 2.48955 -2.48955 -3.2397 -2.56377 0 -7.43141 -5.52754 0 -174.472 108.435 -171.87 -173.157 -171.027 -164.745 173.157 176.186 135 171.027 161.565 -177.769 -169.992 176.878 176.987 -176.496 176.009 168.69 164.745 -156.801 149.036 -177.436 177.709 -177.089 -177.825 176.348 171.87 176.496 -175.101 169.992 -177.58 167.005 -176.878 -177.879 
0 0 -36.8699 -10.008 0 180 0 -8.1301 -165.964 180 0 -30.9638 -12.0948 0 0 180 -8.53077 -108.435 180 -7.12502 0 0 -45 -123.69 -11.3099 0 180 0 180 -56.3099 -10.6197 -6.84277 -71.5651 180 180 0 0 0 0 180 0 -16.6992 -7.43141 0 -8.97263 -15.2551 -9.46232 -3.36646 -143.13 -90 -174.472 0 11.3099 0 0 0 0 45 156.801 12.0948 26.5651 15.2551 180 0 165.964 167.005 180 153.435 20.556 16.6992 0 12.9946 180 172.235 180 180 159.444 30.9638 161.565 180 23.1986 180 18.4349 180 180 
8.53077 6.84277 0 0 8.1301 36.8699 5.71059 0 0 26.5651 6.1155 0 0 7.43141 4.76364 12.9946 0 0 71.5651 0 4.28915 6.58194 0 0 0 7.76517 90 5.35583 12.0948 0 0 0 0 56.3099 23.1986 10.6197 4.63546 8.97263 9.46232 15.2551 5.52754 0 0 5.04245 0 0 0 2.1211 0 0 108.435 11.3099 0 -163.301 -165.964 -161.565 -149.036 180 180 180 180 180 -175.486 -159.444 180 180 -172.875 180 180 180 -135 180 -174.806 180 -174.094 -175.601 180 180 180 -169.992 180 -175.101 180 -173.66 -175.711 
0 0 -18.4349 -7.76517 0 180 0 -6.58194 -156.801 180 0 -16.6992 -8.97263 0 0 0 -6.84277 -36.8699 180 -5.90614 0 0 -20.556 -45 -8.53077 0 180 0 0 -23.1986 -8.1301 -5.71059 -26.5651 180 180 0 0 0 0 0 0 -11.3099 -6.1155 0 -7.12502 -10.6197 -7.43141 -2.81556 -71.5651 -30.9638 -171.87 0 -163.301 0 180 0 0 123.69 165.964 18.4349 71.5651 26.5651 180 0 169.992 170.538 180 164.745 45 30.9638 0 20.556 180 173.66 180 180 167.005 90 167.905 180 56.3099 180 36.8699 180 180 
0 0 -23.1986 -8.53077 0 180 0 -7.12502 -161.565 180 0 -20.556 -10.008 0 0 0 -7.43141 -56.3099 180 -6.34019 0 0 -26.5651 -71.5651 -9.46232 0 180 0 0 -30.9638 -8.97263 -6.1155 -36.8699 180 180 0 0 0 0 180 0 -12.9946 -6.58194 0 -7.76517 -12.0948 -8.1301 -3.01279 -108.435 -45 -173.157 0 -165.964 180 0 0 0 90 163.301 15.2551 45 20.556 180 0 168.69 169.38 180 161.565 30.9638 23.1986 0 16.6992 180 173.157 180 180 164.745 56.3099 165.964 180 36.8699 180 26.5651 180 180 
0 0 -16.6992 -7.43141 0 180 0 -6.34019 -153.435 180 0 -15.2551 -8.53077 0 0 0 -6.58194 -30.9638 180 -5.71059 0 0 -18.4349 -36.8699 -8.1301 0 180 0 0 -20.556 -7.76517 -5.52754 -23.1986 180 180 0 0 0 0 0 0 -10.6197 -5.90614 0 -6.84277 -10.008 -7.12502 -2.72631 -56.3099 -26.5651 -171.027 0 -161.565 0 0 0 0 135 167.005 20.556 90 30.9638 180 0 170.538 171.027 180 165.964 56.3099 36.8699 0 23.1986 180 173.884 180 180 167.905 108.435 168.69 180 71.5651 180 45 180 180 
0 0 -12.0948 -6.34019 0 180 0 -5.52754 -123.69 0 0 -11.3099 -7.12502 0 0 0 -5.71059 -18.4349 180 -5.04245 0 0 -12.9946 -20.556 -6.84277 0 180 0 0 -14.0362 -6.58194 -4.89909 -15.2551 180 0 0 0 0 0 0 0 -8.53077 -5.19443 0 -5.90614 -8.1301 -6.1155 -2.41951 -26.5651 -16.6992 -164.745 0 -149.036 0 0 0 0 156.801 169.992 36.8699 143.13 71.5651 180 180 172.235 172.569 180 169.38 123.69 90 0 45 180 174.644 180 180 170.538 149.036 171.027 180 135 180 108.435 180 180 
20.556 12.9946 0 0 18.4349 159.444 9.46232 0 180 153.435 10.6197 0 0 15.2551 7.12502 71.5651 0 0 164.745 0 6.1155 12.0948 0 0 0 16.6992 165.964 8.53077 56.3099 0 0 0 0 163.301 149.036 36.8699 6.84277 23.1986 26.5651 108.435 8.97263 0 0 7.76517 0 0 0 3.01279 180 0 173.157 45 180 123.69 90 135 156.801 0 180 0 0 0 -173.418 -36.8699 180 180 -165.964 180 0 0 -18.4349 0 -171.87 180 -169.992 -173.66 180 0 180 -149.036 0 -172.569 0 -168.69 -173.884 
123.69 45 180 0 108.435 170.538 20.556 0 180 169.38 26.5651 180 0 71.5651 12.0948 161.565 0 180 171.87 0 9.46232 36.8699 180 180 0 90 172.235 16.6992 159.444 180 0 0 180 171.469 168.69 153.435 11.3099 135 143.13 164.745 18.4349 0 0 14.0362 0 0 0 4.63546 180 180 176.186 156.801 180 165.964 163.301 167.005 169.992 180 0 0 0 0 -169.38 -12.0948 180 180 -123.69 0 0 0 -8.97263 0 -164.745 180 -156.801 -169.992 180 0 180 -30.9638 0 -167.005 0 -149.036 -170.538 
8.97263 7.12502 0 0 8.53077 45 5.90614 0 0 30.9638 6.34019 0 0 7.76517 4.89909 14.0362 0 0 90 0 4.39871 6.84277 0 0 0 8.1301 108.435 5.52754 12.9946 0 0 0 0 71.5651 26.5651 11.3099 4.76364 9.46232 10.008 16.6992 5.71059 0 0 5.19443 0 0 0 2.17474 0 0 135 12.0948 180 18.4349 15.2551 20.556 36.8699 0 0 0 180 180 -175.365 -156.801 180 180 -172.569 180 180 180 -123.69 180 -174.644 180 -173.884 -175.486 180 180 180 -169.38 180 -174.958 180 -173.418 -175.601 
15.2551 10.6197 0 0 14.0362 149.036 8.1301 0 180 135 8.97263 0 0 12.0948 6.34019 36.8699 0 0 159.444 0 5.52754 10.008 0 0 0 12.9946 161.565 7.43141 30.9638 0 0 0 0 156.801 123.69 23.1986 6.1155 16.6992 18.4349 56.3099 7.76517 0 0 6.84277 0 0 0 2.72631 0 0 171.027 26.5651 180 71.5651 45 90 143.13 0 0 180 0 0 -174.094 -71.5651 180 180 -168.69 180 0 0 -26.5651 0 -172.875 180 -171.469 -174.289 180 180 180 -159.444 0 -173.418 0 -170.538 -174.472 
10.6197 8.1301 0 0 10.008 90 6.58194 0 180 56.3099 7.12502 0 0 8.97263 5.35583 18.4349 0 0 135 0 4.76364 7.76517 0 0 0 9.46232 143.13 6.1155 16.6992 0 0 0 0 123.69 45 14.0362 5.19443 11.3099 12.0948 23.1986 6.34019 0 0 5.71059 0 0 0 2.3533 0 0 161.565 15.2551 180 26.5651 20.556 30.9638 71.5651 0 0 180 0 0 -174.958 -143.13 180 180 -171.469 180 180 180 -71.5651 0 -174.094 180 -173.157 -175.101 180 180 180 -167.005 180 -174.472 180 -172.569 -175.236 
180 180 -171.027 -153.435 180 180 180 -123.69 -175.101 180 180 -170.538 -161.565 180 180 180 -135 -172.875 180 -71.5651 0 180 -171.469 -173.157 -159.444 180 180 180 180 -171.87 -156.801 -56.3099 -172.235 180 180 180 180 180 180 180 180 -167.005 -90 180 -143.13 -165.964 -149.036 -30.9638 -173.66 -172.569 -177.769 180 -175.486 180 180 180 180 -173.418 -169.38 -175.365 -174.094 -174.958 0 0 15.2551 16.6992 0 10.008 5.52754 5.19443 0 4.76364 0 71.5651 0 180 11.3099 6.1155 12.0948 0 5.71059 0 5.35583 0 180 
0 0 -15.2551 -7.12502 0 180 0 -6.1155 -149.036 180 0 -14.0362 -8.1301 0 0 0 -6.34019 -26.5651 180 -5.52754 0 0 -16.6992 -30.9638 -7.76517 0 180 0 0 -18.4349 -7.43141 -5.35583 -20.556 180 180 0 0 0 0 0 0 -10.008 -5.71059 0 -6.58194 -9.46232 -6.84277 -2.64255 -45 -23.1986 -169.992 0 -159.444 0 0 0 180 -36.8699 -12.0948 -156.801 -71.5651 -143.13 0 0 171.027 171.469 180 167.005 71.5651 45 0 26.5651 180 174.094 180 180 168.69 123.69 169.38 180 90 180 56.3099 180 180 
156.801 123.69 180 0 153.435 172.569 45 0 180 171.87 71.5651 180 0 143.13 18.4349 167.905 0 180 173.418 0 12.9946 108.435 180 180 0 149.036 173.66 30.9638 167.005 180 0 0 180 173.157 171.469 164.745 16.6992 159.444 161.565 169.38 36.8699 180 0 23.1986 0 180 0 6.34019 180 180 176.878 165.964 180 169.992 168.69 170.538 172.235 180 180 180 180 180 15.2551 171.027 0 180 -45 0 0 0 -7.12502 0 -153.435 180 -123.69 -165.964 0 0 0 -16.6992 0 -159.444 0 -90 -167.005 
159.444 135 180 0 156.801 172.875 56.3099 0 180 172.235 90 180 0 149.036 20.556 168.69 0 180 173.66 0 14.0362 123.69 180 180 0 153.435 173.884 36.8699 167.905 180 0 0 180 173.418 171.87 165.964 18.4349 161.565 163.301 169.992 45 180 0 26.5651 0 180 0 6.84277 180 180 176.987 167.005 180 170.538 169.38 171.027 172.569 180 180 180 180 180 16.6992 171.469 180 0 -36.8699 0 0 0 -6.84277 0 -149.036 180 -108.435 -164.745 0 0 0 -15.2551 0 -156.801 0 -71.5651 -165.964 
180 0 -149.036 -20.556 180 180 0 -14.0362 -171.87 180 0 -143.13 -30.9638 180 0 180 -15.2551 -163.301 180 -11.3099 0 0 -153.435 -164.745 -26.5651 180 180 0 180 -156.801 -23.1986 -10.6197 -159.444 180 180 180 0 180 180 180 0 -71.5651 -12.0948 0 -16.6992 -56.3099 -18.4349 -5.19443 -167.005 -161.565 -176.496 180 -172.875 180 180 180 180 -165.964 -123.69 -172.569 -168.69 -171.469 0 180 -45 -36.8699 0 45 10.008 8.97263 0 7.76517 180 167.005 180 180 71.5651 12.0948 90 0 10.6197 180 9.46232 180 180 
108.435 36.8699 180 0 90 169.992 18.4349 0 180 168.69 23.1986 180 0 56.3099 11.3099 159.444 0 180 171.469 0 8.97263 30.9638 180 180 0 71.5651 171.87 15.2551 156.801 180 0 0 180 171.027 167.905 149.036 10.6197 123.69 135 163.301 16.6992 0 0 12.9946 0 0 0 4.39871 180 180 176.009 153.435 180 164.745 161.565 165.964 169.38 180 0 180 180 180 10.008 167.005 0 0 45 0 0 0 -9.46232 0 -165.964 180 -159.444 -170.538 180 0 180 -36.8699 0 -167.905 0 -153.435 -171.027 
12.9946 9.46232 0 0 12.0948 135 7.43141 0 180 108.435 8.1301 0 0 10.6197 5.90614 26.5651 0 0 153.435 0 5.19443 8.97263 0 0 0 11.3099 156.801 6.84277 23.1986 0 0 0 0 149.036 90 18.4349 5.71059 14.0362 15.2551 36.8699 7.12502 0 0 6.34019 0 0 0 2.56377 0 0 168.69 20.556 180 45 30.9638 56.3099 123.69 0 0 180 0 180 5.52754 71.5651 0 0 10.008 0 0 0 -36.8699 0 -173.418 180 -172.235 -174.644 180 180 180 -163.301 180 -173.884 0 -171.469 -174.806 
11.3099 8.53077 0 0 10.6197 108.435 6.84277 0 180 71.5651 7.43141 0 0 9.46232 5.52754 20.556 0 0 143.13 0 4.89909 8.1301 0 0 0 10.008 149.036 6.34019 18.4349 0 0 0 0 135 56.3099 15.2551 5.35583 12.0948 12.9946 26.5651 6.58194 0 0 5.90614 0 0 0 2.41951 0 0 164.745 16.6992 180 30.9638 23.1986 36.8699 90 0 0 180 0 180 5.19443 45 0 0 8.97263 0 0 0 -56.3099 0 -173.884 180 -172.875 -174.958 180 180 180 -165.964 180 -174.289 180 -172.235 -175.101 
0 0 -10.6197 -5.90614 0 0 0 -5.19443 -90 0 0 -10.008 -6.58194 0 0 0 -5.35583 -15.2551 180 -4.76364 0 0 -11.3099 -16.6992 -6.34019 0 180 0 0 -12.0948 -6.1155 -4.63546 -12.9946 180 0 0 0 0 0 0 0 -7.76517 -4.89909 0 -5.52754 -7.43141 -5.71059 -2.29061 -20.556 -14.0362 -156.801 0 -135 0 0 0 0 -18.4349 -8.97263 -123.69 -26.5651 -71.5651 0 0 -7.12502 -6.84277 0 -9.46232 -36.8699 -56.3099 0 71.5651 180 174.958 180 180 171.469 156.801 171.87 180 149.036 180 135 180 180 
9.46232 7.43141 0 0 8.97263 56.3099 6.1155 0 0 36.8699 6.58194 0 0 8.1301 5.04245 15.2551 0 0 108.435 0 4.51399 7.12502 0 0 0 8.53077 123.69 5.71059 14.0362 0 0 0 0 90 30.9638 12.0948 4.89909 10.008 10.6197 18.4349 5.90614 0 0 5.35583 0 0 0 2.23117 0 0 149.036 12.9946 180 20.556 16.6992 23.1986 45 0 0 180 0 0 4.76364 26.5651 0 0 7.76517 0 0 0 71.5651 0 -174.472 180 -173.66 -175.365 180 180 180 -168.69 180 -174.806 180 -173.157 -175.486 
180 180 -167.905 -108.435 180 180 180 -45 -174.289 180 180 -167.005 -143.13 180 0 180 -56.3099 -171.027 180 -26.5651 0 180 -168.69 -171.469 -135 180 180 180 180 -169.38 -123.69 -23.1986 -169.992 180 180 180 0 180 180 180 180 -159.444 -30.9638 0 -71.5651 -156.801 -90 -11.3099 -172.235 -170.538 -177.436 180 -174.806 180 180 180 180 -171.87 -164.745 -174.644 -172.875 -174.094 0 180 -153.435 -149.036 180 -165.964 -173.418 -173.884 180 -174.472 0 143.13 0 180 16.6992 7.43141 18.4349 0 6.84277 180 6.34019 0 180 
169.992 165.964 180 180 169.38 174.806 156.801 180 180 174.472 161.565 180 180 167.905 108.435 172.875 180 180 175.236 0 45 164.745 180 180 180 168.69 175.365 149.036 172.569 180 180 0 180 175.101 174.289 171.87 90 170.538 171.027 173.418 153.435 180 0 135 180 180 180 23.1986 180 180 177.709 172.235 180 173.66 173.157 173.884 174.644 180 180 180 180 180 71.5651 174.094 180 180 167.005 180 180 180 174.958 180 143.13 0 -20.556 -123.69 0 0 0 -8.53077 0 -56.3099 0 -16.6992 -135 
180 180 -163.301 -45 180 180 0 -23.1986 -173.418 180 180 -161.565 -90 180 0 180 -26.5651 -168.69 180 -16.6992 0 180 -164.745 -169.38 -71.5651 180 180 0 180 -165.964 -56.3099 -15.2551 -167.005 180 180 180 0 180 180 180 0 -143.13 -18.4349 0 -30.9638 -135 -36.8699 -7.43141 -170.538 -167.905 -177.089 180 -174.094 180 180 180 180 -169.992 -156.801 -173.884 -171.469 -173.157 0 180 -123.69 -108.435 180 -159.444 -172.235 -172.875 180 -173.66 0 -20.556 0 180 26.5651 8.97263 30.9638 0 8.1301 180 7.43141 0 180 
180 180 -171.469 -156.801 180 180 180 -135 -175.236 180 180 -171.027 -163.301 180 180 180 -143.13 -173.157 180 -90 0 180 -171.87 -173.418 -161.565 180 180 180 180 -172.235 -159.444 -71.5651 -172.569 180 180 180 180 180 180 180 180 -167.905 -108.435 180 -149.036 -167.005 -153.435 -45 -173.884 -172.875 -177.825 180 -175.601 180 180 180 180 -173.66 -169.992 -175.486 -174.289 -175.101 180 180 -165.964 -164.745 180 -170.538 -174.644 -174.958 180 -175.365 180 -123.69 180 0 10.6197 5.90614 11.3099 0 5.52754 0 5.19443 0 180 
135 56.3099 180 0 123.69 171.027 23.1986 0 180 169.992 30.9638 180 0 90 12.9946 163.301 0 180 172.235 0 10.008 45 180 180 0 108.435 172.569 18.4349 161.565 180 0 0 180 171.87 169.38 156.801 12.0948 143.13 149.036 165.964 20.556 0 0 15.2551 0 0 0 4.89909 180 180 176.348 159.444 180 167.005 164.745 167.905 170.538 180 180 180 180 180 11.3099 168.69 0 0 71.5651 180 180 180 171.469 180 16.6992 0 26.5651 10.6197 0 0 180 -26.5651 0 -165.964 0 -143.13 -169.992 
16.6992 11.3099 0 0 15.2551 153.435 8.53077 0 180 143.13 9.46232 0 0 12.9946 6.58194 45 0 0 161.565 0 5.71059 10.6197 0 0 0 14.0362 163.301 7.76517 36.8699 0 0 0 0 159.444 135 26.5651 6.34019 18.4349 20.556 71.5651 8.1301 0 0 7.12502 0 0 0 2.81556 0 0 171.87 30.9638 180 90 56.3099 108.435 149.036 0 0 180 180 180 6.1155 123.69 0 0 12.0948 0 180 180 156.801 180 7.43141 0 8.97263 5.90614 0 0 180 -156.801 0 -173.157 0 -169.992 -174.289 
143.13 71.5651 180 0 135 171.469 26.5651 0 180 170.538 36.8699 180 0 108.435 14.0362 164.745 0 180 172.569 0 10.6197 56.3099 180 180 0 123.69 172.875 20.556 163.301 180 0 0 180 172.235 169.992 159.444 12.9946 149.036 153.435 167.005 23.1986 0 0 16.6992 0 0 0 5.19443 180 180 176.496 161.565 180 167.905 165.964 168.69 171.027 180 180 180 180 180 12.0948 169.38 0 0 90 180 180 180 171.87 180 18.4349 0 30.9638 11.3099 180 180 0 -23.1986 0 -164.745 0 -135 -169.38 
0 0 -56.3099 -11.3099 0 180 0 -8.97263 -167.905 180 0 -45 -14.0362 0 0 180 -9.46232 -135 180 -7.76517 0 0 -71.5651 -143.13 -12.9946 0 180 0 180 -90 -12.0948 -7.43141 -108.435 180 180 180 0 0 0 180 0 -20.556 -8.1301 0 -10.008 -18.4349 -10.6197 -3.65222 -153.435 -123.69 -175.101 180 -169.992 180 180 180 180 -149.036 -30.9638 -169.38 -159.444 -167.005 0 180 -16.6992 -15.2551 0 -36.8699 -163.301 -165.964 180 -168.69 0 -8.53077 0 0 -26.5651 -156.801 -23.1986 0 18.4349 180 15.2551 180 180 
14.0362 10.008 0 0 12.9946 143.13 7.76517 0 180 123.69 8.53077 0 0 11.3099 6.1155 30.9638 0 0 156.801 0 5.35583 9.46232 0 0 0 12.0948 159.444 7.12502 26.5651 0 0 0 0 153.435 108.435 20.556 5.90614 15.2551 16.6992 45 7.43141 0 0 6.58194 0 0 0 2.64255 0 0 169.992 23.1986 180 56.3099 36.8699 71.5651 135 0 0 180 0 180 5.71059 90 0 0 10.6197 0 180 180 149.036 180 6.84277 0 8.1301 5.52754 0 0 0 18.4349 0 -173.66 0 -171.027 -174.644 
180 180 -169.38 -135 180 180 180 -71.5651 -174.644 180 180 -168.69 -153.435 180 0 180 -90 -171.87 180 -36.8699 0 180 -169.992 -172.235 -149.036 180 180 180 180 -170.538 -143.13 -30.9638 -171.027 180 180 180 0 180 180 180 180 -163.301 -45 180 -108.435 -161.565 -123.69 -15.2551 -172.875 -171.469 -177.58 180 -175.101 180 180 180 180 -172.569 -167.005 -174.958 -173.418 -174.472 0 180 -159.444 -156.801 180 -167.905 -173.884 -174.289 180 -174.806 180 -56.3099 180 0 -165.964 -173.157 -164.745 180 -173.66 0 5.90614 0 180 
12.0948 8.97263 0 0 11.3099 123.69 7.12502 0 180 90 7.76517 0 0 10.008 5.71059 23.1986 0 0 149.036 0 5.04245 8.53077 0 0 0 10.6197 153.435 6.58194 20.556 0 0 0 0 143.13 71.5651 16.6992 5.52754 12.9946 14.0362 30.9638 6.84277 0 0 6.1155 0 0 0 2.48955 0 0 167.005 18.4349 180 36.8699 26.5651 45 108.435 0 0 180 0 180 5.35583 56.3099 0 0 9.46232 0 0 180 135 180 6.34019 0 7.43141 5.19443 0 0 0 15.2551 0 5.90614 0 -171.87 -174.958 
180 180 -159.444 -30.9638 180 180 0 -18.4349 -172.875 180 0 -156.801 -56.3099 180 0 180 -20.556 -167.005 180 -14.0362 0 180 -161.565 -167.905 -45 180 180 0 180 -163.301 -36.8699 -12.9946 -164.745 180 180 180 0 180 180 180 0 -123.69 -15.2551 0 -23.1986 -108.435 -26.5651 -6.34019 -169.38 -165.964 -176.878 180 -173.66 180 180 180 180 -168.69 -149.036 -173.418 -170.538 -172.569 0 180 -90 -71.5651 180 -153.435 -171.469 -172.235 180 -173.157 0 -16.6992 0 0 -143.13 -169.992 -135 180 -171.027 0 -171.87 0 180 
180 180 -171.87 -159.444 180 180 180 -143.13 -175.365 180 180 -171.469 -164.745 180 180 180 -149.036 -173.418 180 -108.435 0 180 -172.235 -173.66 -163.301 180 180 180 180 -172.569 -161.565 -90 -172.875 180 180 180 180 180 180 180 180 -168.69 -123.69 180 -153.435 -167.905 -156.801 -71.5651 -174.094 -173.157 -177.879 180 -175.711 180 180 180 180 -173.884 -170.538 -175.601 -174.472 -175.236 180 180 -167.005 -165.964 180 -171.027 -174.806 -175.101 180 -175.486 180 -135 180 180 -169.992 -174.289 -169.38 180 -174.644 180 -174.958 180 0 
